cycle=2070 HB=00 00 00 ECC=00 PB=00 00 00 00 00 00 00 00 00 00 00 00 00 00 00 00 00 00 00 00 00 00 00 00 00 00 00 00 
cycle=2070 HB=00 00 00 ECC=00 PB=00 00 00 00 00 00 00 00 00 00 00 00 00 00 00 00 00 00 00 00 00 00 00 00 00 00 00 00 
cycle=2070 HB=00 00 00 ECC=00 PB=00 00 00 00 00 00 00 00 00 00 00 00 00 00 00 00 00 00 00 00 00 00 00 00 00 00 00 00 
cycle=4270 HB=00 00 00 ECC=00 PB=00 00 00 00 00 00 00 00 00 00 00 00 00 00 00 00 00 00 00 00 00 00 00 00 00 00 00 00 
cycle=4270 HB=00 00 00 ECC=00 PB=00 00 00 00 00 00 00 00 00 00 00 00 00 00 00 00 00 00 00 00 00 00 00 00 00 00 00 00 
cycle=4270 HB=00 00 00 ECC=00 PB=00 00 00 00 00 00 00 00 00 00 00 00 00 00 00 00 00 00 00 00 00 00 00 00 00 00 00 00 
cycle=6470 HB=00 00 00 ECC=00 PB=00 00 00 00 00 00 00 00 00 00 00 00 00 00 00 00 00 00 00 00 00 00 00 00 00 00 00 00 
cycle=2384670 HB=84 01 0a ECC=4a PB=70 01 00 00 00 00 00 00 00 00 00 00 00 00 00 00 00 00 00 00 00 00 00 00 00 00 00 00 
cycle=2386870 HB=82 02 0d ECC=e4 PB=45 00 08 00 22 00 00 00 00 00 00 00 00 00 00 00 00 00 00 00 00 00 00 00 00 00 00 00 
cycle=2386870 HB=03 00 00 ECC=de PB=10 04 00 00 00 00 00 10 04 00 00 00 00 00 10 04 00 00 00 00 00 10 04 00 00 00 00 00 
cycle=2386870 HB=83 01 19 ECC=64 PB=cb 49 6e 74 65 6c 00 00 00 50 43 00 00 00 00 00 00 00 00 00 00 00 00 00 00 09 00 00 
cycle=4859670 HB=84 01 0a ECC=4a PB=70 01 00 00 00 00 00 00 00 00 00 00 00 00 00 00 00 00 00 00 00 00 00 00 00 00 00 00 
cycle=4861870 HB=82 02 0d ECC=e4 PB=45 00 08 00 22 00 00 00 00 00 00 00 00 00 00 00 00 00 00 00 00 00 00 00 00 00 00 00 
cycle=4861870 HB=03 00 00 ECC=de PB=10 04 00 00 00 00 00 10 04 00 00 00 00 00 10 04 00 00 00 00 00 10 04 00 00 00 00 00 
cycle=4861870 HB=83 01 19 ECC=64 PB=cb 49 6e 74 65 6c 00 00 00 50 43 00 00 00 00 00 00 00 00 00 00 00 00 00 00 09 00 00 
